0.00122     	0.00000168	     0.00000102	      0.029	        0.063	0.00442		0.762								
0.00157     	0.00000211	     0.00000126	      0.0282	    0.0584	0.00592		0.762								
0.0019      	0.00000247	     0.00000144	      0.0274	    0.0541	0.00739		0.762								
0.0021870925 	0.0000027637766  0.0000015733548  0.0268213	    0.05847	0.0088646	0.762							
0.00227     	0.00000412	     0.00000243	      0.0328	    0.0668	0.00739		0.889								
0.00264     	0.00000466	     0.0000027	      0.032	        0.0622	0.00886		0.889								
0.00308     	0.00000728	     0.00000429	      0.0373	    0.0749	0.00886		1.02								
0.00354     	0.0000107	     0.00000637	      0.0424	    0.0876	0.00886		1.14								
0.0038838632 	0.000008740860   0.000004953154   0.0357116     0.1016	0.011811	1.02								
0.0039870887	0.000015025954 	 0.000009032222	  0.0475959	    0.127  	0.0088646	1.27
0.00448     	0.000013	     0.00000753	      0.0409	    0.0787	0.0118		1.14								
0.00489     	0.0000269  	     0.0000164	      0.0579	    0.126	0.00886		1.52								
0.00508     	0.0000186 	     0.0000108	      0.0462	    0.0914	0.0118		1.27								
0.00628      	0.0000338	     0.0000201	      0.0566	    0.117	0.0118		1.52								
0.00755     	0.0000395	     0.000023	      0.0551	    0.108	0.0148		1.52								
0.00871     	0.0000849	     0.000052	      0.0772	    0.168	0.0118		2.03								
0.00903     	0.0000658	     0.0000389	      0.0655	    0.134	0.0148		1.78								
0.0106      	0.000102	     0.0000608	      0.0759	    0.159	0.0148		2.03								
0.0121      	0.000148	     0.0000899	      0.0864	    0.184	0.0148		2.29								
0.0135      	0.000207	     0.000127	      0.0965    	0.21	0.0148		2.54								
0.0159      	0.000241	     0.000144	      0.0953    	0.201	0.0177		2.54								
0.0195       	0.000429	     0.000263	      0.116	        0.252	0.0177		3.05								
0.0266      	0.000795	     0.000487	      0.135	        0.295	0.0207		3.56