0.00359	     0.30988	0.101854	0.005969	0.00889	    0.0000541	0.000405    	0.000349	0.122   	0.00000157	0.0000488	0.0000308	0.0209  	7.49E-08    	5.72	46.2
0.00418064	 0.31242	0.102362	0.006604	0.010795	0.00006493	0.00048014	    0.00041623	0.12471400	0.00000194	0.00006 	0.0000379	0.0215390	0.000000122 	4.74	41.8
0.00665	     0.3175	    0.166624	0.00762	    0.013208	0.000119	0.000839    	0.000747	0.133   	0.0000102	0.000188	0.000122	0.0391  	0.000000308 	6.31	36.2
0.00942  	 0.30988	0.205232	0.009398	0.016256	0.000163	0.00118 	    0.00105 	0.132   	0.0000234	0.000349	0.000228	0.0498  	0.000000712 	6.31	26.8
0.00665  	 0.44958	0.1524	    0.00762	    0.010795	0.000212	0.00109     	0.000944	0.179   	0.00000637	0.000132	0.0000839	0.031   	0.000000211 	7.06	53.5
0.00858	     0.40894	0.178816	0.008763	0.014351	0.000244	0.00135     	0.00119 	0.169   	0.0000137	0.000238	0.000153	0.0399   	0.000000462 	6.23	41.1
0.00761 	 0.45466	0.152908	0.008001	0.013335	0.000255	0.00128     	0.00112 	0.183   	0.00000795	0.000164	0.000104	0.0323  	0.000000337 	5.73	50.9
0.00948 	 0.41402	0.179578	0.009652	0.016002	0.000274	0.00151     	0.00133 	0.17    	0.0000155	0.000267	0.000172	0.0404  	0.000000633 	5.61	37.4
0.00871 	 0.45974	0.153924	0.009144	0.015367	0.000296	0.00149     	0.00129 	0.184   	0.00000937	0.000192	0.000122	0.0328  	0.000000508	    5.01	44.6
0.0108  	 0.41656	0.180848	0.010922	0.018161	0.000316	0.00172     	0.00151 	0.171   	0.0000179	0.00031 	0.000198	0.0406  	0.000000924 	4.98	33
0.00948 	 0.4572 	0.1905	    0.009017	0.014478	0.000333	0.00166  	    0.00146 	0.187   	0.0000167	0.000272	0.000175	0.0419  	0.000000516 	6.57	45.2
0.00839 	 0.52578	0.1651	    0.00889	    0.01143	    0.000351	0.00156     	0.00134 	0.205   	0.00000862	0.000167	0.000104	0.032   	0.00000032  	7.22	53.6
0.00948 	 0.52832	0.165862	0.009652	0.013589	0.00041	    0.0018      	0.00155 	0.208    	0.0000104	0.0002  	0.000125	0.033   	0.000000475 	6.1 	49.4
0.0108  	 0.53594	0.166624	0.010287	0.01651	    0.000487	0.00211     	0.00182 	0.212   	0.0000127	0.000243	0.000153	0.0343  	0.000000737 	5.04	46.3
0.0105  	 0.59944	0.178054	0.010033	0.012827	0.000562	0.0022   	    0.00187 	0.231   	0.0000121	0.000218	0.000136	0.034   	0.000000491 	6.94	54.6
0.0129       0.53594	0.210058	0.010922	0.017399	0.000616	0.00262     	0.00229 	0.218   	0.0000269	0.0004  	0.000257	0.0457  	0.00000102	    6.04	43.6
0.0117  	 0.60198	0.178816	0.010922	0.014986	0.000645	0.00251     	0.00215 	0.234   	0.0000144	0.000257	0.000161	0.0351  	0.000000712 	5.97	50.1
0.0145  	 0.60706	0.228346	0.011176	0.017272	0.000874	0.00328     	0.00288 	0.246   	0.0000343	0.000469	0.000302	0.0488  	0.00000112  	6.61	49
0.0159  	 0.61214	0.229108	0.011938	0.019558	0.000986	0.00367     	0.00321 	0.249   	0.0000393	0.000534	0.000342	0.0495  	0.00000154  	5.86	45.9
0.0178  	 0.68326	0.254	    0.012446	0.018923	0.00136	    0.00456     	0.00398 	0.277   	0.0000516	0.000636	0.000406	0.0538  	0.00000168  	6.7 	49.5
0.0194  	 0.68834	0.254	    0.013081	0.021082	0.00151	    0.005   	    0.00438 	0.279   	0.0000579	0.000711	0.000456	0.0546   	0.0000022   	6.03	47.1
0.0217  	 0.69342	0.25654	    0.014478	0.023622	0.0017	    0.00562     	0.0049  	0.279   	0.0000662	0.000808	0.000516	0.0554  	0.00000305   	5.41	42.5
0.0205  	 0.75692	0.2667	    0.013843	0.019304	0.00186	    0.00567     	0.0049  	0.302   	0.0000608	0.000719	0.000457	0.0546  	0.00000208  	6.89	49.6
0.0221  	 0.762	    0.2667	    0.014351	0.02159	    0.00205	    0.00619     	0.00539 	0.305   	0.0000683	0.000806	0.000513	0.0556  	0.00000268  	6.17	47.8															