0.35052 	0.203962	0.008636	0.015113	0.00909676      0.00020145601	0.000021394295276	0.0012847458176     0.000321	0.0011503718928     0.00021	    0.14859 	0.048514	0.000000603535567   0.320294000000000	0.335407000000000	0.335407000000000	6.01078882973656e-07
0.35306  	0.204724	0.009398	0.016764	0.01000654 	    0.000225181201 	0.000024016553257  	0.0014273132744	    0.000361	0.0012749135792	    0.000234	0.149606 	0.048768	0.000000807488966   0.319532000000000	0.336296000000000	0.336296000000000	6.77822668919719e-07
0.3556	    0.254   	0.010541	0.018288	0.0129  	    0.000301    	0.0000504       	0.00188      	    0.000605	0.00169     	    0.000397	0.153   	0.0625  	0.00000125		    0.319024000000000	0.337312000000000	0.337312000000000	1.42075667296875e-06
0.36068 	0.25654 	0.01143	    0.019939	0.01406449      0.000330903983 	0.00005577501103   	0.002064770064     	0.000664	0.001835351168 	    0.000436	0.153416   	0.062992   	0.000001610815617   0.320802000000000	0.340741000000000	0.340741000000000	1.62856909910101e-06	
0.36322 	0.25654 	0.012954	0.021717	0.0155  	    0.000367    	0.0000616       	0.00228     	    0.000734	0.00202      	    0.00048	    0.154   	0.063   	0.00000211          0.319786000000000	0.341503000000000	0.341503000000000	1.78173416282253e-06
0.37338	    0.37338	    0.016383	0.026162	0.02503221 	    0.000636834081 	0.000228094821229  	0.003834572976 	    0.00185	    0.003424896376    	0.00122	    0.159512   	0.095504  	0.000005119646535   0.321056000000000	0.347218000000000	0.347218000000000	6.84096417486400e-06	
0.37592 	0.3937	    0.017272	0.027686	0.0275  	    0.000712    	0.000282        	0.00426     	    0.00218	    0.0038      	    0.00143	    0.161   	0.101   	0.00000633		    0.320548000000000	0.348234000000000	0.348234000000000	8.53665165488519e-06
0.381	    0.39624	    0.018923	0.030226	0.0301  	    0.000791    	0.000311        	0.0047      	    0.00239	    0.00416     	    0.00158	    0.162   	0.102   	0.0000082		    0.320548000000000	0.350774000000000	0.350774000000000	9.64049140169444e-06
0.38608 	0.39878	    0.021082	0.033274	0.0334  	    0.000891    	0.000349        	0.00524         	0.00267	    0.0046      	    0.00175	    0.163   	0.102   	0.000011		    0.319532000000000	0.352806000000000	0.352806000000000	1.09437409016631e-05
0.3937  	0.39878	    0.022606	0.036576	0.0366  	    0.000999    	0.000388        	0.00582     	    0.00295	    0.00508     	    0.00195	    0.165   	0.103   	0.0000145		    0.320548000000000	0.357124000000000	0.357124000000000	1.23260279645966e-05
0.39878  	0.40132	    0.024892	0.039624	0.04    	    0.00111  	    0.000429        	0.00639     	    0.00324	    0.00554     	    0.00213	    0.166   	0.103   	0.0000186           0.319532000000000	0.359156000000000	0.359156000000000	1.37653017537590e-05
0.4064   	0.40386	    0.027178	0.043688	0.0442   	    0.00125  	    0.000479        	0.00714     	    0.00362 	0.00615     	    0.00238	    0.168   	0.104   	0.0000248		    0.319024000000000	0.362712000000000	0.362712000000000	1.57749246236014e-05
0.41656	    0.4064	    0.029972	0.048006	0.0488  	    0.00142 	    0.000537        	0.00798     	    0.00403	    0.0068      	    0.00264	    0.17    	0.105   	0.0000329		    0.320548000000000	0.368554000000000	0.368554000000000	1.82367579969594e-05
0.42418	    0.40894	    0.032766	0.052578	0.0537  	    0.0016  	    0.000599        	0.00888     	    0.00449	    0.00752     	    0.00293	    0.172   	0.106   	0.0000433		    0.319024000000000	0.371602000000000	0.371602000000000	2.06884371245466e-05
0.43434  	0.41148	    0.035814	0.057404	0.059   	    0.0018  	    0.00067         	0.00988     	    0.00498	    0.00829     	    0.00326	    0.175   	0.107   	0.0000566		    0.319532000000000	0.376936000000000	0.376936000000000	2.36762186848492e-05
0.4445	    0.41656	    0.039116	0.062738	0.0652  	    0.00204     	0.000753        	0.011       	    0.00554 	0.00914     	    0.00362	    0.177   	0.108   	0.0000741		    0.319024000000000	0.381762000000000	0.381762000000000	2.75383247164722e-05
0.45466	    0.4191	    0.042164	0.067564	0.0703  	    0.00226     	0.000828        	0.0121      	    0.00606  	0.00995     	    0.00395	    0.18    	0.108   	0.0000924		    0.319532000000000	0.387096000000000	0.387096000000000	3.10523491927961e-05
0.46482	    0.42164	    0.044958	0.07239	    0.0755  	    0.0025  	    0.000903        	0.0131      	    0.00659	    0.0107      	    0.00429	    0.182   	0.109   	0.000114		    0.320040000000000	0.392430000000000	0.392430000000000	3.48190685978607e-05
0.47498	    0.42418	    0.047752	0.077216	0.0806      	0.00275     	0.000982        	0.0142      	    0.00711	    0.0116      	    0.00464	    0.184   	0.11    	0.000138		    0.320548000000000	0.397764000000000	0.397764000000000	3.88505857019011e-05
0.482600	0.42672 	0.051308	0.081534	0.0865      	0.00299     	0.00107         	0.0153          	0.00767	    0.0124      	    0.00498 	0.186   	0.111   	0.000164		    0.319532000000000	0.401066000000000	0.401066000000000	4.24608022680495e-05
0.498 	    0.432   	0.0556	    0.0889  	0.0948  	    0.00342     	0.0012          	0.0172          	0.00855 	0.0137       	    0.00556 	0.19    	0.113   	0.000214            0.320200000000000	0.409100000000000	0.409100000000000	4.99805140689147e-05
0.513       0.437   	0.0605  	0.097   	0.105   	    0.00393     	0.00135         	0.0193      	    0.00955 	0.0153      	    0.00619 	0.194       0.114   	0.000278            0.319000000000000	0.416000000000000	0.416000000000000	5.83702380812374e-05
0.531 	    0.442   	0.066   	0.106   	0.115   	    0.0045      	0.00153         	0.0216       	    0.0107  	0.017       	    0.00693 	0.198   	0.116   	0.000362            0.319000000000000	0.425000000000000	0.425000000000000	6.88873203904167e-05
0.549 	    0.45    	0.0719   	0.115   	0.126    	    0.00516     	0.00174         	0.0243       	    0.012   	0.0188      	    0.00773 	0.203       0.117   	0.000466            0.319000000000000	0.434000000000000	0.434000000000000	8.22438815625000e-05
0.569 	    0.455   	0.078   	0.125   	0.139   	    0.00595     	0.00196         	0.0272          	0.0134  	0.021       	    0.00864 	0.208       0.119   	0.000604];		  	0.319000000000000	0.444000000000000	0.444000000000000	9.67161280312500e-05 											